49026977
49122721
49165329
49165333
49117268
49163762
42135682
49108005
49159873
49086476
49162378
49079551
49066259
49067739
49065968
42154351
42140764
49030454
49061722
42139559
42145749
36001354
42116627
42119591
42093912
42102187
33878628
37359425
42099015
18764947
18758720
14077535
10306323
10320979
18759717
18760005
18759655
10315520
10309471
18759509
14075095
18757202
14074965
10314339
18760911
18758943
18759617
18760813
18756503
18760808
14075722
10320335
18756260
14075937
14077302
18757052
14074780
14075970
10320257
14075899
10316426
14074524
14074408
10320831
10311106
14077317
11538934
18757088
14076940
14076248
10318529
14075067
10320405
10320321
10319507
14076039
10316201
10316280
10319734
10320303
10317915
10311644
11936028
14074722
14075394
10318767
10318490
10319959
10315203
10316462
10318386
10315229
10313777
10318514
10317367
10320062
10318512
10316248
10310009
10317432
10311169
7532201
6204025
10309346
1250749
1222262
1230171
1193939
1179871
1166898
1140058
1126722
1135625
1057103
1111243
1032959
1031552
1032964
1030046
1034868
1035098
1036899
1037671
1036376
1032926
1034488
1025618
1035784
1035146
1035763
1037229
1032079
1033007
998657
998877
1032422
1032670
1034377
1035109
1031527
1027832
1029027
1025147
1020998
1030767
1032404
1036608
1033924
1033486
1024457
1035064
1029272
1026102
1029712
1028186
1029925
1030596
1030803
1035183
1023664
1017561
1022734
1029222
1033865
1020127
1032434
1025524
1025530
1019282
1031578
1032577
1018550
1020997
1018527
1026696
1023912
1032918
982117
1021348
1030358
1026466
1025520
1025853
1025237
1018853
1019753
1013939
1021205
1019084
1015753
1011028
1011163
1018467
1015571
1017129
1018044
1016833
1004050
1015318
1014506
1012386
1014582
992787
994453
998354
996063
996391
995466
966078
962532
953300
910772
920031
917124
911530
922482
913803
915814
915916
919181
884873
919301
904041
827671
775166
856313
804161
737658
821833
759442
839327
757541
738070
752228
757521
752822
749531
750831
749249
753324
739188
746658
745030
741263
754054
749244
749242
745224
752010
749462
749981
749581
739787
746873
743695
721251
735917
749298
742318
745504
740464
745450
745063
742994
740472
738324
743431
748766
737848
748313
747187
747006
715759
734443
734009
740566
742372
734092
738757
737512
732170
741805
726773
738218
740998
742172
730485
734424
734006
735241
741794
722629
739128
701684
737567
737919
701428
728866
728686
726605
707610
716041
716823
715667
715522
712969
702176
702450
701944
646890
690185
698185
689308
644045
644047
655556
641816
604700
606884
596524
603828
573091
605369
605924
568303
536161
571760
461879
517139
507673
507309
510301
464709
466590
487190
475955
480474
470040
475994
476377
480608
480479
475681
478142
475370
476938
461692
475708
473969
459077
466698
480650
475021
473894
470608
468855
476350
473294
459872
470701
471725
472204
465768
454969
472401
475717
465621
473321
465723
468776
454994
468848
468015
468453
461441
467096
454835
464551
476014
466359
465503
465936
464821
460640
463374
464452
459427
461440
454785
231201
431099
430703
454629
454862
435264
428667
435076
229062
358403
420133
430517
430752
357678
368887
240850
361613
361489
369455
355585
128958
125947
306521
290050
282062
238955
246869
248101
244653
229485
132011
125754
227442
233319
243678
244635
229766
247525
244787
227366
225111
246500
236642
246555
246067
244189
229843
235276
236582
233332
240064
245542
240065
240099
239014
243400
228844
231348
238704
226430
225860
224739
236664
236770
231013
231225
226864
224736
229484
240645
231152
231035
234139
238950
230906
229185
233146
231090
225112
233148
231089
237158
231501
230500
230313
222705
224312
230535
224328
224465
206708
224867
176004
224543
209861
224795
231510
220120
216839
224856
180925
220522
213479
178329
210668
145704
211796
149844
211340
180859
178772
184590
145027
178787
150147
177105
129212
125582
133442
139268
127097
128459
129176
129291
129407
132118
128632
129488
131872
129234
129424
125446
128647
125761
130827
128962
125762
129126
127934
125375
129123
129175
127365
129084
125370
125458
126099
126148
126038
129138
129153
124815
126766
129140
128850
128965
126150
128523
127300
126852
127889
125706
123748
126098
124049
115978
63419
56154
63270
56157
56153
56152
55638
49164420
